sub-1: 0.7097222222222223
sub-2: 0.5455882352941176
sub-3: 0.525
sub-4: 0.7486486486486487
sub-5: 0.672972972972973
sub-6: 0.7555555555555555
sub-7: 0.7375
sub-8: 0.6618421052631579
sub-9: 0.7361111111111112
AvgAcc = 0.6769934278964206