sub-1: 0.4114583333333333
sub-2: 0.25
sub-3: 0.5329861111111112
sub-4: 0.3125
sub-5: 0.2743055555555556
sub-6: 0.2864583333333333
sub-7: 0.22743055555555555
sub-8: 0.5625
sub-9: 0.4322916666666667
AvgAcc = 0.3655478395061728