sub-1: 0.5666666666666667
sub-2: 0.5
sub-3: 0.6666666666666666
sub-4: 0.8
sub-5: 0.8857142857142857
sub-6: 0.7
sub-7: 0.6
sub-8: 0.6333333333333333
sub-9: 0.36666666666666664
AvgAcc = 0.6354497354497354