sub-1: 0.7916666666666666
sub-2: 0.6527777777777778
sub-3: 0.8888888888888888
sub-4: 0.625
sub-5: 0.7083333333333334
sub-6: 0.4305555555555556
sub-7: 0.9305555555555556
sub-8: 0.8472222222222222
sub-9: 0.6388888888888888
AvgAcc = 0.7237654320987654