sub-1: 0.621875
sub-2: 0.5642857142857143
sub-3: 0.521875
sub-4: 0.953125
sub-5: 0.8625
sub-6: 0.796875
sub-7: 0.771875
sub-8: 0.871875
sub-9: 0.778125
AvgAcc = 0.749156746031746