sub-1: 0.8159722222222222
sub-2: 0.5
sub-3: 0.8090277777777778
sub-4: 0.6006944444444444
sub-5: 0.4652777777777778
sub-6: 0.4652777777777778
sub-7: 0.8506944444444444
sub-8: 0.78125
sub-9: 0.7013888888888888
AvgAcc = 0.6655092592592593